1 12 0.0 0.4
1 12 0.4 0.8
1 12 0.8 1.2000000000000002
1 12 1.2000000000000002 1.6
1 12 1.6 2.0
1 12 2.0 2.4000000000000004
1 12 2.4000000000000004 2.8000000000000003
1 12 2.8000000000000003 3.2
1 12 3.2 3.6
1 12 3.6 4.0
1 12 4.0 4.4
1 12 4.4 4.800000000000001
1 12 4.800000000000001 5.2
1 12 5.2 5.6000000000000005
1 12 5.6000000000000005 6.0
1 12 6.0 6.4
1 12 6.4 6.800000000000001
1 12 6.800000000000001 7.2
1 12 7.2 7.6000000000000005
1 12 7.6000000000000005 8.0
1 12 8.0 8.4
1 12 8.4 8.8
1 12 8.8 9.200000000000001
1 12 9.200000000000001 9.600000000000001
1 12 9.600000000000001 10.0
1 -12 0.0 0.4
1 -12 0.4 0.8
1 -12 0.8 1.2000000000000002
1 -12 1.2000000000000002 1.6
1 -12 1.6 2.0
1 -12 2.0 2.4000000000000004
1 -12 2.4000000000000004 2.8000000000000003
1 -12 2.8000000000000003 3.2
1 -12 3.2 3.6
1 -12 3.6 4.0
1 -12 4.0 4.4
1 -12 4.4 4.800000000000001
1 -12 4.800000000000001 5.2
1 -12 5.2 5.6000000000000005
1 -12 5.6000000000000005 6.0
1 -12 6.0 6.4
1 -12 6.4 6.800000000000001
1 -12 6.800000000000001 7.2
1 -12 7.2 7.6000000000000005
1 -12 7.6000000000000005 8.0
1 -12 8.0 8.4
1 -12 8.4 8.8
1 -12 8.8 9.200000000000001
1 -12 9.200000000000001 9.600000000000001
1 -12 9.600000000000001 10.0
1 14 0.0 0.4
1 14 0.4 0.8
1 14 0.8 1.2000000000000002
1 14 1.2000000000000002 1.6
1 14 1.6 2.0
1 14 2.0 2.4000000000000004
1 14 2.4000000000000004 2.8000000000000003
1 14 2.8000000000000003 3.2
1 14 3.2 3.6
1 14 3.6 4.0
1 14 4.0 4.4
1 14 4.4 4.800000000000001
1 14 4.800000000000001 5.2
1 14 5.2 5.6000000000000005
1 14 5.6000000000000005 6.0
1 14 6.0 6.4
1 14 6.4 6.800000000000001
1 14 6.800000000000001 7.2
1 14 7.2 7.6000000000000005
1 14 7.6000000000000005 8.0
1 14 8.0 8.4
1 14 8.4 8.8
1 14 8.8 9.200000000000001
1 14 9.200000000000001 9.600000000000001
1 14 9.600000000000001 10.0
1 14 10.0 10.4
1 14 10.4 10.8
1 14 10.8 11.200000000000001
1 14 11.200000000000001 11.600000000000001
1 14 11.600000000000001 12.0
1 14 12.0 12.4
1 14 12.4 12.8
1 14 12.8 13.200000000000001
1 14 13.200000000000001 13.600000000000001
1 14 13.600000000000001 14.0
1 14 14.0 14.4
1 14 14.4 14.8
1 14 14.8 15.200000000000001
1 14 15.200000000000001 15.600000000000001
1 14 15.600000000000001 16.0
1 14 16.0 16.400000000000002
1 14 16.400000000000002 16.8
1 14 16.8 17.2
1 14 17.2 17.6
1 14 17.6 18.0
1 14 18.0 18.400000000000002
1 14 18.400000000000002 18.8
1 14 18.8 19.200000000000003
1 14 19.200000000000003 19.6
1 14 19.6 20.0
1 -14 0.0 0.4
1 -14 0.4 0.8
1 -14 0.8 1.2
1 -14 1.2 1.6
1 -14 1.6 2.0
1 -14 2.0 2.4
1 -14 2.4 2.8
1 -14 2.8 3.2
1 -14 3.2 3.6
1 -14 3.6 4.0
1 -14 4.0 4.4
1 -14 4.4 4.8
1 -14 4.8 5.2
1 -14 5.2 5.6
1 -14 5.6 6.0
1 -14 6.0 6.4
1 -14 6.4 6.8
1 -14 6.8 7.2
1 -14 7.2 7.6
1 -14 7.6 8.0
1 -14 8.0 8.4
1 -14 8.4 8.8
1 -14 8.8 9.2
1 -14 9.2 9.6
1 -14 9.6 10.0
1 -14 10.0 10.4
1 -14 10.4 10.8
1 -14 10.8 11.2
1 -14 11.2 11.6
1 -14 11.6 12.0
1 -14 12.0 12.4
1 -14 12.4 12.8
1 -14 12.8 13.2
1 -14 13.2 13.6
1 -14 13.6 14.0
1 -14 14.0 14.4
1 -14 14.4 14.8
1 -14 14.8 15.2
1 -14 15.2 15.6
1 -14 15.6 16.0
1 -14 16.0 16.4
1 -14 16.4 16.8
1 -14 16.8 17.2
1 -14 17.2 17.6
1 -14 17.6 18.0
1 -14 18.0 18.4
1 -14 18.4 18.8
1 -14 18.8 19.2
1 -14 19.2 19.6
1 -14 19.6 20.0
